"","patch.ID","A","x.coord","y.coord","X1","X2","X3","X4","X5","X6","X7","X8","X9","X10","X11","X12","X13","X14","X15","X16","X17","X18","X19","X20","X21","X22","X23","X24","X25","X26","X27","X28","X29","X30","X31","X32","X33","X34","X35","X36","X37","X38","X39","X40","X41","X42","X43","X44","X45","X46","X47","X48","X49","X50","landscape.no","landscape.type"
"1",1,0.765245743835644,9.34760626405478,33.5275206714869,0,77.6616078737214,56.3816186583356,60.5145443967762,91.2120252239289,57.509774296009,51.8028219949516,43.8727341957643,72.7284895216418,73.3205325073374,17.2162330365446,17.9933900948421,43.1010583459023,36.5290035774165,27.2977904072291,72.9997209445204,83.8735274720645,89.6581364229524,73.0281292797,64.0007791902633,78.976525346205,11.7815743480198,110.554644810807,93.8475695713287,49.8235951880705,21.2148843864664,18.3517718502952,82.7195150563424,30.2268044370338,44.8509190492169,76.4791718058026,69.7640371323884,49.8375270343276,43.397318488706,36.2667882975981,50.3405555466325,64.2286976115106,51.7874557119293,32.261871725917,31.9826732164924,56.3119612373624,64.0628034979772,65.5170348736159,67.7218443839628,92.7393712757953,70.7860652160383,95.3003454109007,85.9193925161457,15.635370091962,31.2353304734606,1,"regular"
"2",2,13.8426197778874,80.6304186815396,2.7040557237342,77.6616078737214,0,28.5520882420114,100.911365001524,76.7909791600481,41.8102410017492,104.175483413837,40.8349847043935,85.1547742873265,98.0444923732448,81.6133809604953,68.5791224654443,67.0570576257812,42.0336853993349,80.2735137152298,22.6045273885676,16.9429796982762,33.4637508004592,46.6915281517484,56.6024655098778,77.6180117663035,84.6103148545484,98.7341116395426,67.1446366096664,80.8834581933926,80.3006696832393,59.3731340610825,58.8236085646267,52.2266613623459,90.5085258895354,63.325593174601,8.60068596336459,53.7350414099616,106.531355461389,58.4031270080681,27.7938864010164,87.0058152691568,65.8151909178696,61.5258383041512,46.1381641797654,25.1929290030994,119.456668439743,110.127970730956,68.5852630442367,96.7158172968202,36.0757348801187,19.2683983949492,47.6985254469616,67.7374627227897,92.2187918400244,1,"regular"
"3",3,1.43481329944515,65.3274830896407,26.8088665558025,56.3816186583356,28.5520882420114,0,72.3996992140907,57.1422250379135,15.1766902038751,75.8082513484116,35.6318947888376,58.8064097429544,70.5799604846048,65.2336836933342,53.0930078475155,38.5073139129057,28.4023987896733,67.5734549470374,16.6227761703773,28.2263882021406,33.8580882116015,27.2828753083993,31.3400823909834,53.743011321667,60.7254073748199,79.9927937392189,51.6848804658378,52.3685884480159,54.0817462629104,38.6572889135885,40.7764968598213,27.0385205779908,62.085354247066,41.3720741562095,24.8253220283116,25.446950513482,79.0791356449378,30.3673639520796,12.5577486179618,59.2676079555896,37.6460918000525,52.0971241869804,25.306144738993,27.4041605812144,91.0478387015576,81.5915024753778,43.0302713951859,73.0490172584456,18.8849669046489,41.5415430142059,35.9171994110908,43.4512497340725,65.1369119051764,1,"regular"
"4",4,1.70568408120895,30.4386409232393,90.2476964518428,60.5145443967762,100.911365001524,72.3996992140907,0,58.9791493688878,60.1108735620821,14.9206849955066,88.7956422949957,30.2745599697114,18.9635793550642,77.5211112049824,76.2037649779043,34.152827486206,77.064328096718,87.8057755741983,82.8716475077078,96.1517534467419,90.7810184734329,64.7160025060485,49.8845503153312,44.0056773025629,50.6207302757085,67.9831793406146,69.900898389992,20.0311489639438,39.3627925089207,62.8752453960294,63.8938802256365,56.0494477676964,15.7453807452273,53.9153488373231,96.7397515582415,47.3101899732677,29.8751751260411,44.7330222060564,77.5644889530854,19.8709962196333,35.6751946727744,88.2024985703147,66.1989764270071,92.4680804666357,23.5649946598123,9.38123012994276,41.4632371676726,45.2495291491347,71.4137011498861,110.929827882491,76.0024273890327,51.1461016744361,31.3992189277731,1,"regular"
"5",5,3.57108157913532,88.3557413704693,79.1054553817958,91.2120252239289,76.7909791600481,57.1422250379135,58.9791493688878,0,43.234118996107,72.0468059796561,91.1637269002514,28.7312918612254,42.8829957772937,106.536375400927,98.0313575974098,48.5849891981354,81.2173599359774,113.204750771754,54.2195913757162,63.3379592120374,49.5530551839668,30.6977063720171,28.9927613214102,15.1534681845116,87.7508718218842,22.8510582212293,13.9511307248868,48.6570034149351,75.1070212629859,80.4303115645472,17.9892646553227,65.8272919757255,62.2220925334876,16.3451378279388,77.9282397103332,43.0110476451572,84.5194023072933,55.4832770234655,69.2166389488952,39.3898582653275,39.6642967285871,103.062292160495,72.6759978630263,84.5257186614948,82.4101060683042,66.6182239156004,23.725127223364,24.283479002454,41.2011473904206,76.2456146928835,31.1082096656782,75.7327152322237,77.4307985804857,1,"regular"
"6",6,7.62422258916011,66.236054059118,41.9583359966055,57.509774296009,41.8102410017492,15.1766902038751,60.1108735620821,43.234118996107,0,65.6348371666323,47.954456152383,43.8441787654768,56.2482912927201,69.6354432720133,58.9203540794027,27.8811233171434,38.4365946250131,74.1167242552559,22.87082689005,36.2245930718158,34.6073629475078,16.2026265774829,16.1882906380874,38.6473610376443,58.8835713334165,65.9871469287407,39.9944463687848,40.345926363627,49.5002428730162,42.1243741958544,28.5080935153191,27.6013608115451,51.9016248528686,27.0281838566307,39.480061798536,13.2269093168868,71.3270672413275,23.9334808550237,26.2428235041334,45.2078632117715,24.4699938729597,61.2910499990431,31.2841749483075,42.1197611806905,80.4980479910446,69.4669427779194,27.8656849259618,57.9191305500291,14.0683007336389,50.9155263899929,28.4781167112802,42.5229328044891,58.5129908677343,1,"regular"
"7",7,1.96628924461706,16.53664666228,84.8290807334706,51.8028219949516,104.175483413837,75.8082513484116,14.9206849955066,72.0468059796561,65.6348371666323,0,86.0854852814022,43.789977804849,33.845370387248,68.0229772249922,68.91800343158,37.8289674599941,74.8407946897723,78.7769967013946,88.4107268495447,101.757220028776,98.6087924058855,73.2366701216511,58.4761431174061,56.8982226313803,40.7052065149859,82.5852200599866,81.9034918673193,26.5147448432902,31.9468748220565,58.2334739348298,74.640534520541,54.9354182692566,13.7828124385825,64.8501287082905,98.9501335528984,52.4080651720533,15.1134038930204,45.87647714159,78.6673821441298,32.7311339566726,42.4745342638608,82.0928159694551,64.5287350065069,92.2202866163163,15.31867221737,14.6952888291851,52.1894434141236,60.0053201305389,78.3646005274065,116.2798045729,85.5133273683533,45.8683484347918,20.6464389882023,1,"regular"
"8",8,2.41798804869506,39.8024493362755,1.94715748075396,43.8727341957643,40.8349847043935,35.6318947888376,88.7956422949957,91.1637269002514,47.954456152383,86.0854852814022,0,85.9406071988187,93.8740267443199,42.6319216312068,29.9468277978413,57.1823629883512,11.8456706974205,39.7087828858762,48.1103074851244,53.3712066602108,65.7762416685095,62.5964695222568,62.9573362873512,84.8791410882827,53.983019980278,113.838101396729,87.0891303309221,70.7654059876041,55.4488051762668,28.7139128349374,75.9107932108775,32.9962153430526,74.3610472021205,74.8799210782699,32.2439169572755,51.2962886216646,82.8290369497165,45.4450756828772,23.1310509372106,82.4513474741032,61.5656397691208,20.7144327834231,22.813040813759,15.6940740026867,100.765918491259,96.6294240958848,72.9452344878331,103.39379038135,54.471098586397,60.0953809098267,71.4123754934948,40.8609477019467,68.4487699558848,1,"regular"
"9",9,0.611765274568745,60.3228772990406,85.4019356658682,72.7284895216418,85.1547742873265,58.8064097429544,30.2745599697114,28.7312918612254,43.8441787654768,43.789977804849,85.9406071988187,0,15.3395277499819,89.5325599134555,83.8166588644989,30.9959700414579,74.417234691512,98.0562251107895,63.8751812144018,76.163736950025,66.9712899810993,41.3385337440191,28.6034202188511,14.0013704368629,66.4576206973174,40.1319744192671,40.3417237067108,23.8572637379152,53.3833573285079,66.981052754362,36.2933745050127,54.5714725612522,35.5919085975687,26.6519089913693,83.3227293824929,35.0898056054639,57.1342100823483,41.9075892069664,68.0981039343951,11.1771489134366,24.4982276193108,92.3358928362082,63.9252938743618,84.306116981984,53.6793920811155,37.9660893156966,16.7674416800763,20.0182695131697,50.5869155266478,90.7394623325006,49.9228922178446,58.6417438466811,52.333253021791,1,"regular"
"10",10,1.46304879200173,48.6889846390113,95.3996180556715,73.3205325073374,98.0444923732448,70.5799604846048,18.9635793550642,42.8829957772937,56.2482912927201,33.845370387248,93.8740267443199,15.3395277499819,0,90.5290020436287,86.9228879915642,36.7176241209665,82.0624701565012,100.061810476785,77.5834247906978,90.2704279774473,81.9344578910743,56.0058839019404,42.3273030254288,28.9868341612717,65.0093316811533,49.2477729123374,55.3028122355684,24.2518364080375,52.4316701140424,71.3928879432645,51.6302791242257,61.14542538645,30.2706421029173,41.9371309841263,95.3937182171985,45.4649824024828,48.6067262734721,48.4599250004361,78.4606353662517,11.5583297685759,33.4210912138787,97.2331613177699,71.1611028797232,94.4091952138618,40.7048254904523,24.4882175316787,31.1802026672039,26.3775710232667,64.6770518158784,104.986308892539,65.1754179531526,61.1639365619529,47.6649328825632,1,"regular"
"11",11,9.24214957523346,0.59983073733747,18.6993345618248,17.2162330365446,81.6133809604953,65.2336836933342,77.5211112049824,106.536375400927,69.6354432720133,68.0229772249922,42.6319216312068,89.5325599134555,90.5290020436287,0,13.0354726098472,59.3061575158952,39.7890976530499,11.000625522267,81.544903795512,90.7796884083367,99.0907786611222,85.7160227940943,78.4388567685658,95.0187030215978,27.3239973837515,126.628269503396,107.940015910054,66.9271646072876,38.3685261112118,27.5165862588907,96.5513129045264,42.19326664364,61.9342332534907,91.2132448669072,73.1573486506142,64.0676262961283,57.9714923502761,51.0567120928605,56.4447981081116,81.3168414548257,67.6983030082855,24.4124132740305,39.9666568682439,57.592315885889,79.2280433949927,82.1093838938563,83.4225662169887,109.502229978966,81.839284497085,100.393034567063,97.9943945655169,31.1706790226605,47.3893309531698,1,"regular"
"12",12,6.19809727896308,13.3495329646394,15.984810795635,17.9933900948421,68.5791224654443,53.0930078475155,76.2037649779043,98.0313575974098,58.9203540794027,68.91800343158,29.9468277978413,83.8166588644989,86.9228879915642,13.0354726098472,0,52.8719631688988,26.8252838005989,15.2788783157351,69.1564352633722,77.9850065846976,86.867174125378,75.1203443715021,69.3162605250219,87.6308342601874,29.7614616045531,119.033900221065,98.1749163335692,62.7267766919881,37.2163840766474,17.6026979516826,86.6672081782847,32.3325772235367,60.4759688900819,82.2058527069834,60.1223607279814,55.0467224996283,61.3298653218211,43.0488312584997,43.7021462395756,76.7818450600528,60.5497435869172,14.4077108799385,28.1567741152908,44.6381339050284,81.7646322260627,82.066927593864,75.6691532129914,103.471053912337,70.3809013546035,87.384655107806,86.9150525366988,25.7590042684187,48.6505403647652,1,"regular"
"13",13,3.69050521474102,44.142082403414,58.9646128937602,43.1010583459023,67.0570576257812,38.5073139129057,34.152827486206,48.5849891981354,27.8811233171434,37.8289674599941,57.1823629883512,30.9959700414579,36.7176241209665,59.3061575158952,52.8719631688988,0,45.3569789333035,67.3179106735082,50.5880159199208,63.930088970469,61.6764654958012,37.7227028724303,24.3666971919786,35.875800433707,39.2153736043239,67.4597460212982,53.285503237795,14.3233564370743,26.868763264061,36.0002512387883,43.2332594699224,24.4588839857179,24.0589466155741,35.1604822732341,62.6132244890858,14.6877827034787,43.9516721890275,11.7438170269681,43.5323661465837,25.409827439886,8.93899797458504,61.5141057289246,34.4438732204281,58.8325039723593,52.8592740039185,43.1956997122715,24.8748572713922,50.6097306485611,41.0988637985904,78.4608785227839,50.8959040263395,28.1420469297213,32.3497179233736,1,"regular"
"14",14,2.90457369777393,40.0848334887996,13.7894618790597,36.5290035774165,42.0336853993349,28.4023987896733,77.064328096718,81.2173599359774,38.4365946250131,74.8407946897723,11.8456706974205,74.417234691512,82.0624701565012,39.7890976530499,26.8252838005989,45.3569789333035,0,40.0383019867233,43.3436201253461,51.2904756550042,61.2569092908008,53.9609290322037,52.5396453949123,74.0136093461946,45.2707248962703,103.66116079062,78.2978382690767,58.9223971373747,44.9454358172732,19.1667726696329,66.8866957249325,21.1598598562455,62.8152052116251,64.8723645768888,33.7502121805615,40.138180986565,72.4820763729009,33.6152210652549,17.3214291150065,70.6629335493539,49.9656698804203,23.6950605751466,10.9687536269506,19.8654579624504,89.7054693405831,85.0143540690846,61.9567152498565,92.230272519082,47.0376768342558,60.626052170035,64.0840773396979,30.4744702771646,57.9363341388688,1,"regular"
"15",15,5.74848222181745,0.512462039478123,7.69905599299818,27.2977904072291,80.2735137152298,67.5734549470374,87.8057755741983,113.204750771754,74.1167242552559,78.7769967013946,39.7087828858762,98.0562251107895,100.061810476785,11.000625522267,15.2788783157351,67.3179106735082,40.0383019867233,0,83.2432295418639,91.1858542253031,101.100039823497,90.3192633841071,84.557238201814,102.519299632729,38.0895823287741,134.015647308052,113.452116354514,76.1279861635457,48.4658143026819,32.8028224407194,101.942011645364,47.5966930746362,72.1209821929903,97.4426466777437,71.6800686725013,70.2586066602485,68.9612136200482,58.001063754974,57.340568643962,90.4179548565474,75.2996970445817,19.2328001233864,43.1108889158243,55.346665867544,90.1928506873805,92.7190586265327,90.6454449261161,117.88435888664,85.2888106826143,99.4378499742439,101.960586958568,39.4348499825164,58.1306292255556,1,"regular"
"16",16,9.40011674069884,81.8792520323768,25.2740595722571,72.9997209445204,22.6045273885676,16.6227761703773,82.8716475077078,54.2195913757162,22.87082689005,88.4107268495447,48.1103074851244,63.8751812144018,77.5834247906978,81.544903795512,69.1564352633722,50.5880159199208,43.3436201253461,83.2432295418639,0,13.3584082713917,17.9231433926518,24.1538038947604,35.3491606510126,55.3742671572827,77.0487413813599,76.3357770284032,45.1238794073559,63.1990990779146,69.6362149326385,55.2474048095554,36.2822546351206,43.4278645717454,74.6468071658399,40.8552281038429,24.4396025739256,36.0471439313098,93.3644617005191,44.7624379314317,26.0726126026187,67.0536254614506,47.1968995798605,66.6843082294608,41.7778744346534,35.7040268350871,103.342122081224,92.2435673700351,47.1212419310731,74.3084250050216,13.637825195485,28.0653913776184,26.1801809304367,59.8221945691148,79.9431002585369,1,"regular"
"17",17,19.2737679882752,91.3344005588442,15.8375751692802,83.8735274720645,16.9429796982762,28.2263882021406,96.1517534467419,63.3379592120374,36.2245930718158,101.757220028776,53.3712066602108,76.163736950025,90.2704279774473,90.7796884083367,77.9850065846976,63.930088970469,51.2904756550042,91.1858542253031,13.3584082713917,0,16.7055969987423,35.2236317139354,47.9442211171974,66.6379486377926,88.869694937213,84.3517662619114,52.339536295453,76.5345216710965,82.2068480610924,65.6990112244573,45.4859105518242,55.2043407857433,87.9885764930123,51.7524538571731,23.2336601912038,49.4053083118332,106.483486358125,57.7460760498357,34.3399267515968,79.9824986927509,60.4878517571149,73.401185529812,52.0007096762507,38.7136579227238,116.699995726058,105.528921866941,59.4140538386447,85.0315090255674,25.6104581082908,14.8109123395098,32.771770894756,71.58877235373,92.8866182905192,1,"regular"
"18",18,4.83786575371791,98.9611651282758,30.700597516261,89.6581364229524,33.4637508004592,33.8580882116015,90.7810184734329,49.5530551839668,34.6073629475078,98.6087924058855,65.7762416685095,66.9712899810993,81.9344578910743,99.0907786611222,86.867174125378,61.6764654958012,61.2569092908008,101.100039823497,17.9231433926518,16.7055969987423,0,26.1820556182711,40.9047414124659,55.5837058708858,92.6560856915143,69.2572189174354,37.2739414138296,72.2990560652206,83.9885174131708,72.3565370638697,32.5949978167377,59.5710919890084,85.1644981615566,40.7519475597081,38.7002735277379,47.1597204033187,105.576070116851,58.4601278935609,43.9957558961103,72.7754865848316,56.1477753827265,84.5980255558294,59.155826242171,52.5242941281917,112.865724328953,100.080575089125,50.8214774372424,72.6811890041532,20.6641637278071,26.9814900835742,18.4954454356274,75.6965075666467,93.0723676779511,1,"regular"
"19",19,11.999740890419,80.63092995435,49.3955838726833,73.0281292797,46.6915281517484,27.2828753083993,64.7160025060485,30.6977063720171,16.2026265774829,73.2366701216511,62.5964695222568,41.3385337440191,56.0058839019404,85.7160227940943,75.1203443715021,37.7227028724303,53.9609290322037,90.3192633841071,24.1538038947604,35.2236317139354,26.1820556182711,0,14.8750893897862,31.456370462481,73.3145230530556,53.3636646222056,24.4927724982076,46.7411212201972,62.7661902037039,58.2339302906392,13.5210940244155,43.5574968397659,60.121618684791,16.7259748485171,47.2780772311315,24.4730993717634,81.427917084529,37.7866862491008,39.7719656165796,46.6048590637582,30.926044491245,77.193465227346,47.4277054779826,54.3322386997068,87.123708556683,73.9777018263421,24.8258155398005,50.1891032434495,10.6449282879535,49.5492480291533,13.3503767083672,57.6973539705243,70.0158243097835,1,"regular"
"20",20,9.33905357915693,68.4892427176237,57.9890532186255,64.0007791902633,56.6024655098778,31.3400823909834,49.8845503153312,28.9927613214102,16.1882906380874,58.4761431174061,62.9573362873512,28.6034202188511,42.3273030254288,78.4388567685658,69.3162605250219,24.3666971919786,52.5396453949123,84.557238201814,35.3491606510126,47.9442211171974,40.9047414124659,14.8750893897862,0,22.4839139506282,62.384729935675,51.1396463016065,29.8763697131988,31.9615199821459,50.7800400383472,51.7573903923775,19.0938247620621,37.0018312093155,45.5466705346425,12.8916017318407,55.1968220179319,14.3743268348678,67.2359458578723,27.734382631217,42.1916976282722,32.2346548160997,16.5547822467324,74.0761323326722,43.7033159021978,58.225874891503,72.2566525679689,59.175965165996,11.9958952886694,41.7316522667833,22.3684638688006,62.676877724071,27.1713516035635,48.3654635781439,56.58832118281,1,"regular"
"21",21,8.32804006142497,73.2268509222195,79.9681672826409,78.976525346205,77.6180117663035,53.743011321667,44.0056773025629,15.1534681845116,38.6473610376443,56.8982226313803,84.8791410882827,14.0013704368629,28.9868341612717,95.0187030215978,87.6308342601874,35.875800433707,74.0136093461946,102.519299632729,55.3742671572827,66.6379486377926,55.5837058708858,31.456370462481,22.4839139506282,0,74.4316512118092,31.6128619638974,26.3672253834726,33.8921214026645,61.5302243299534,70.1529812539072,23.5137817110712,56.2320443575611,47.217125633939,14.9661123143074,77.0713785992829,33.9916611678929,69.435518987448,44.5828310617172,64.646719111176,24.2866193517003,27.3214922515104,94.2750146980921,64.3834351320846,80.7084138827327,67.5209565334062,51.9353731281342,12.1609058209073,19.3377803687277,41.7382519276598,80.755816438529,37.6757784776155,63.8708918704731,62.8378825454627,1,"regular"
"22",22,6.52856302621291,7.43923578411341,45.1535094995052,11.7815743480198,84.6103148545484,60.7254073748199,50.6207302757085,87.7508718218842,58.8835713334165,40.7052065149859,53.983019980278,66.4576206973174,65.0093316811533,27.3239973837515,29.7614616045531,39.2153736043239,45.2707248962703,38.0895823287741,77.0487413813599,88.869694937213,92.6560856915143,73.3145230530556,62.384729935675,74.4316512118092,0,105.612849995515,92.0876861906864,42.7496864654064,13.076134400327,26.1195134738877,81.4661923369511,33.6869307958102,35.3431448924052,74.1429826842383,77.1821652083956,49.0447277372399,31.6263575859853,35.5279997835325,56.8361281584747,56.9756583081829,48.1540280176976,43.953353895588,38.5096392541992,65.0905827947591,52.4269882478993,54.8173329434542,64.0261081128394,86.377877836286,72.780011875918,101.287779072074,86.5771929414215,17.2812047182997,20.0657788412942,1,"regular"
"23",23,2.88154004947234,97.726380568929,99.9468080932274,110.554644810807,98.7341116395426,79.9927937392189,67.9831793406146,22.8510582212293,65.9871469287407,82.5852200599866,113.838101396729,40.1319744192671,49.2477729123374,126.628269503396,119.033900221065,67.4597460212982,103.66116079062,134.015647308052,76.3357770284032,84.3517662619114,69.2572189174354,53.3636646222056,51.1396463016065,31.6128619638974,105.612849995515,0,32.0599397789479,63.7194264095103,92.5970008041164,101.483180255926,40.1719864884285,87.2415427620129,75.6691113140661,38.9707478486363,100.384782729588,64.536927115381,96.7178005398203,76.0178377081299,92.048621452534,51.074308198335,58.9300569657803,124.993845050276,94.7290928478648,107.371996027831,89.7152456931721,73.4970325458239,43.3725719439455,22.9521310852283,63.7071751775662,96.2362526697804,51.5804446193156,95.4837347027255,92.4493307140495,1,"regular"
"24",24,7.74665811881076,96.6723464662209,67.9041997296736,93.8475695713287,67.1446366096664,51.6848804658378,69.900898389992,13.9511307248868,39.9944463687848,81.9034918673193,87.0891303309221,40.3417237067108,55.3028122355684,107.940015910054,98.1749163335692,53.285503237795,78.2978382690767,113.452116354514,45.1238794073559,52.339536295453,37.2739414138296,24.4927724982076,29.8763697131988,26.3672253834726,92.0876861906864,32.0599397789479,0,56.7557035257789,80.1236306314486,80.8280545531892,11.5383840896189,65.9578872298104,70.7706754335052,18.1805237510365,69.5118768103556,44.0468071761264,93.2027298990534,57.5866486548371,64.2176796985457,50.0299678921776,44.562341684868,101.283645676754,71.1441611064831,78.3681108766124,93.465166137213,78.1443836958009,30.2112479160493,38.2253686497919,33.5949519631011,64.2494235428661,19.5893912440152,78.2157461175651,84.4448648844938,1,"regular"
"25",25,4.50393521983901,40.1206320850179,72.7118481416255,49.8235951880705,80.8834581933926,52.3685884480159,20.0311489639438,48.6570034149351,40.345926363627,26.5147448432902,70.7654059876041,23.8572637379152,24.2518364080375,66.9271646072876,62.7267766919881,14.3233564370743,58.9223971373747,76.1279861635457,63.1990990779146,76.5345216710965,72.2990560652206,46.7411212201972,31.9615199821459,33.8921214026645,42.7496864654064,63.7194264095103,56.7557035257789,0,29.7135128192282,47.1827434721119,48.5960351538478,37.7739520273791,14.0541905428669,39.053159320254,76.7540983649551,27.3663666217216,36.4521370639987,25.5773232177024,57.8543510667678,14.4075252085175,16.2270050238932,73.024886305956,47.9536530711074,73.1085463179168,40.5867915027295,29.268716103148,26.559061183493,43.6523407452964,52.3195916709483,91.2579636399515,59.0233392287648,36.9803067602401,28.9808911054241,1,"regular"
"26",26,5.35599084867878,17.9634360130876,52.9140829574317,21.2148843864664,80.3006696832393,54.0817462629104,39.3627925089207,75.1070212629859,49.5002428730162,31.9468748220565,55.4488051762668,53.3833573285079,52.4316701140424,38.3685261112118,37.2163840766474,26.868763264061,44.9454358172732,48.4658143026819,69.6362149326385,82.2068480610924,83.9885174131708,62.7661902037039,50.7800400383472,61.5302243299534,13.076134400327,92.5970008041164,80.1236306314486,29.7135128192282,0,26.880148294405,69.8436515443911,28.0817906807987,23.6559280975201,62.0241866629355,73.6493338070611,38.2945795896779,27.5409334926386,25.5668025463814,52.8068312427795,44.0045388799275,35.7397242972212,50.1506290885692,35.8187570515581,63.86114603255,45.7515552548989,44.8534541289673,51.4182544800831,73.314866261495,63.5683947650921,95.5380796264239,76.1159372179383,14.5881517369436,13.0112418191589,1,"regular"
"27",27,6.07063061918061,26.6761098289862,27.485129237175,18.3517718502952,59.3731340610825,38.6572889135885,62.8752453960294,80.4303115645472,42.1243741958544,58.2334739348298,28.7139128349374,66.981052754362,71.3928879432645,27.5165862588907,17.6026979516826,36.0002512387883,19.1667726696329,32.8028224407194,55.2474048095554,65.6990112244573,72.3565370638697,58.2339302906392,51.7573903923775,70.1529812539072,26.1195134738877,101.483180255926,80.8280545531892,47.1827434721119,26.880148294405,0,69.3597140550508,14.8701920088585,47.582209373838,64.6407546389546,51.5877646067382,37.4580478422177,54.1301048401044,25.6008720353763,31.9899662019169,60.7231360662668,43.2481982851876,25.8427313075829,13.7025362083721,38.97118731327,72.5264635214169,69.8771629966699,58.1391233943225,86.3925401833207,54.4459298325453,76.9520777160592,70.4826633618189,12.3940781286496,39.8272368810572,1,"regular"
"28",28,3.25983045866346,87.3202736955136,61.1460163723677,82.7195150563424,58.8236085646267,40.7764968598213,63.8938802256365,17.9892646553227,28.5080935153191,74.640534520541,75.9107932108775,36.2933745050127,51.6302791242257,96.5513129045264,86.6672081782847,43.2332594699224,66.8866957249325,101.942011645364,36.2822546351206,45.4859105518242,32.5949978167377,13.5210940244155,19.0938247620621,23.5137817110712,81.4661923369511,40.1719864884285,11.5383840896189,48.5960351538478,69.8436515443911,69.3597140550508,0,54.4927962014005,62.6219447388948,9.98551774415292,60.2131366924768,32.8863114908547,84.8611449646842,46.5292489192286,53.2231081876075,44.3260285301892,34.8586497090734,89.7796330395442,59.6103742592201,67.8462153506979,87.2478865885982,72.6854964852039,22.5354773346724,40.1063261779443,23.5590135682505,58.7674543271153,14.2750572881444,67.1123041775948,75.1096138278524,1,"regular"
"29",29,16.5858167658396,39.5412810146809,34.9423392210156,30.2268044370338,52.2266613623459,27.0385205779908,56.0494477676964,65.8272919757255,27.6013608115451,54.9354182692566,32.9962153430526,54.5714725612522,61.14542538645,42.19326664364,32.3325772235367,24.4588839857179,21.1598598562455,47.5966930746362,43.4278645717454,55.2043407857433,59.5710919890084,43.5574968397659,37.0018312093155,56.2320443575611,33.6869307958102,87.2415427620129,65.9578872298104,37.7739520273791,28.0817906807987,14.8701920088585,54.4927962014005,0,42.2626825366216,49.8934106600226,45.6286916126363,22.8219535653132,54.8242435831286,12.7936044618346,24.7818962137625,49.8676089039386,30.1660749969104,38.1090815519519,10.1997070231571,37.2858981061721,70.109066849663,64.2193643889234,44.0975290611396,73.3260275196535,40.5789847226422,67.9237543766838,56.0750751559938,16.415172737391,40.2933893542908,1,"regular"
"30",30,22.0260961701181,26.2649364070967,75.0655620358884,44.8509190492169,90.5085258895354,62.085354247066,15.7453807452273,62.2220925334876,51.9016248528686,13.7828124385825,74.3610472021205,35.5919085975687,30.2706421029173,61.9342332534907,60.4759688900819,24.0589466155741,62.8152052116251,72.1209821929903,74.6468071658399,87.9885764930123,85.1644981615566,60.121618684791,45.5466705346425,47.217125633939,35.3431448924052,75.6691113140661,70.7706754335052,14.0541905428669,23.6559280975201,47.582209373838,62.6219447388948,42.2626825366216,0,53.1072434924925,85.4495696842249,38.6769717548261,22.4418486947154,32.3808001795076,65.373256985497,24.6113725487013,29.2022417840782,72.6428752466452,52.1762987637192,79.4008263986686,28.9624844545086,22.3441816932884,40.5971133717851,54.2102602722229,64.7923396423812,102.498853278212,72.7114702928516,35.6156004540553,17.4440339934197,1,"regular"
"31",31,31.5894264885412,78.5921525210142,65.9968374762684,76.4791718058026,63.325593174601,41.3720741562095,53.9153488373231,16.3451378279388,27.0281838566307,64.8501287082905,74.8799210782699,26.6519089913693,41.9371309841263,91.2132448669072,82.2058527069834,35.1604822732341,64.8723645768888,97.4426466777437,40.8552281038429,51.7524538571731,40.7519475597081,16.7259748485171,12.8916017318407,14.9661123143074,74.1429826842383,38.9707478486363,18.1805237510365,39.053159320254,62.0241866629355,64.6407546389546,9.98551774415292,49.8934106600226,53.1072434924925,0,63.4309209897641,27.2112819783349,75.4635675146388,40.2962451783568,53.1809278002979,34.3465524309593,26.390215566322,86.8077467312937,56.4085098623847,68.7622669506371,77.2953461770623,62.7010610877691,12.6618755347043,33.4635015709684,27.2569706093082,65.7982024563574,23.2784599534973,60.8628096403278,66.3151470382058,1,"regular"
"32",32,5.38737661363839,72.0321050379425,2.90604960173368,69.7640371323884,8.60068596336459,24.8253220283116,96.7397515582415,77.9282397103332,39.480061798536,98.9501335528984,32.2439169572755,83.3227293824929,95.3937182171985,73.1573486506142,60.1223607279814,62.6132244890858,33.7502121805615,71.6800686725013,24.4396025739256,23.2336601912038,38.7002735277379,47.2780772311315,55.1968220179319,77.0713785992829,77.1821652083956,100.384782729588,69.5118768103556,76.7540983649551,73.6493338070611,51.5877646067382,60.2131366924768,45.6286916126363,85.4495696842249,63.4309209897641,0,50.2167565599889,100.364873891145,53.0858241621994,20.8490235233252,84.0929176734447,62.4294853217616,52.927640777492,38.6895896422783,16.6358864846061,114.268418539487,105.805558764523,67.1429740890448,96.3763443511398,36.7283208581387,27.8514639527521,50.5934454260371,60.5793450839045,85.895627427074,1,"regular"
"33",33,31.6303588881887,56.1854004627094,50.5569110158831,49.8375270343276,53.7350414099616,25.446950513482,47.3101899732677,43.0110476451572,13.2269093168868,52.4080651720533,51.2962886216646,35.0898056054639,45.4649824024828,64.0676262961283,55.0467224996283,14.6877827034787,40.138180986565,70.2586066602485,36.0471439313098,49.4053083118332,47.1597204033187,24.4730993717634,14.3743268348678,33.9916611678929,49.0447277372399,64.536927115381,44.0468071761264,27.3663666217216,38.2945795896779,37.4580478422177,32.8863114908547,22.8219535653132,38.6769717548261,27.2112819783349,50.2167565599889,0,58.4258589065478,13.6789854699687,33.1841169511877,34.0120820177079,12.2135066562986,60.4810508976421,30.4001143505319,49.3269398764435,67.2951419926301,56.6134209942579,21.8634767480462,52.1180246420077,26.5158814905555,64.0374500867414,37.8218653912851,34.2259926869606,46.0931394422615,1,"regular"
"34",34,16.8859534516378,3.87412931304425,76.578284916468,43.397318488706,106.531355461389,79.0791356449378,29.8751751260411,84.5194023072933,71.3270672413275,15.1134038930204,82.8290369497165,57.1342100823483,48.6067262734721,57.9714923502761,61.3298653218211,43.9516721890275,72.4820763729009,68.9612136200482,93.3644617005191,106.483486358125,105.576070116851,81.427917084529,67.2359458578723,69.435518987448,31.6263575859853,96.7178005398203,93.2027298990534,36.4521370639987,27.5409334926386,54.1301048401044,84.8611449646842,54.8242435831286,22.4418486947154,75.4635675146388,100.364873891145,58.4258589065478,0,48.7983997569784,79.5580956895912,45.9588882903819,50.6871323838951,75.3570190615299,63.2294688201549,91.3225703345829,21.4084561261319,29.094850669656,63.0111408033321,74.444944446063,84.9417296788592,120.505888828276,94.350774725244,42.052523712766,14.6204036333023,1,"regular"
"35",35,78.4381466164809,42.9031589766964,47.2863293252885,36.2667882975981,58.4031270080681,30.3673639520796,44.7330222060564,55.4832770234655,23.9334808550237,45.87647714159,45.4450756828772,41.9075892069664,48.4599250004361,51.0567120928605,43.0488312584997,11.7438170269681,33.6152210652549,58.001063754974,44.7624379314317,57.7460760498357,58.4601278935609,37.7866862491008,27.734382631217,44.5828310617172,35.5279997835325,76.0178377081299,57.5866486548371,25.5773232177024,25.5668025463814,25.6008720353763,46.5292489192286,12.7936044618346,32.3808001795076,40.2962451783568,53.0858241621994,13.6789854699687,48.7983997569784,0,33.0715167759509,37.1159940916616,17.7172904912813,50.4727709559498,22.7012962951715,47.7379296513921,61.1917000303515,53.3894786795009,32.6455838226835,60.9586505042039,38.001714543613,71.708634498428,51.0629249512744,20.6318122026025,35.1806768181475,1,"regular"
"36",36,0.737354191173755,57.0292900782079,17.3835260793567,50.3405555466325,27.7938864010164,12.5577486179618,77.5644889530854,69.2166389488952,26.2428235041334,78.6673821441298,23.1310509372106,68.0981039343951,78.4606353662517,56.4447981081116,43.7021462395756,43.5323661465837,17.3214291150065,57.340568643962,26.0726126026187,34.3399267515968,43.9957558961103,39.7719656165796,42.1916976282722,64.646719111176,56.8361281584747,92.048621452534,64.2176796985457,57.8543510667678,52.8068312427795,31.9899662019169,53.2231081876075,24.7818962137625,65.373256985497,53.1809278002979,20.8490235233252,33.1841169511877,79.5580956895912,33.0715167759509,0,66.924828138445,45.041010383197,40.6404644942905,18.4616408626612,16.2226311396675,93.9718537374667,86.3873343755964,53.2913158463529,83.7630662690785,31.3428333755133,44.9636542312687,48.288498344313,39.951622222053,65.0626008725218,1,"regular"
"37",37,12.0912138470521,49.2532851872966,83.8550716405734,64.2286976115106,87.0058152691568,59.2676079555896,19.8709962196333,39.3898582653275,45.2078632117715,32.7311339566726,82.4513474741032,11.1771489134366,11.5583297685759,81.3168414548257,76.7818450600528,25.409827439886,70.6629335493539,90.4179548565474,67.0536254614506,79.9824986927509,72.7754865848316,46.6048590637582,32.2346548160997,24.2866193517003,56.9756583081829,51.074308198335,50.0299678921776,14.4075252085175,44.0045388799275,60.7231360662668,44.3260285301892,49.8676089039386,24.6113725487013,34.3465524309593,84.0929176734447,34.0120820177079,45.9588882903819,37.1159940916616,66.924828138445,0,21.8997633196678,86.5025226353675,59.8008329996582,82.8543963963443,43.4353076571811,28.3757747752543,22.251345191627,29.8104171870832,54.5343354368175,94.7707251597831,56.9875868639725,51.1165897797787,41.6657478980627,1,"regular"
"38",38,8.02607208711376,52.477378770709,62.1939346892759,51.7874557119293,65.8151909178696,37.6460918000525,35.6751946727744,39.6642967285871,24.4699938729597,42.4745342638608,61.5656397691208,24.4982276193108,33.4210912138787,67.6983030082855,60.5497435869172,8.93899797458504,49.9656698804203,75.2996970445817,47.1968995798605,60.4878517571149,56.1477753827265,30.926044491245,16.5547822467324,27.3214922515104,48.1540280176976,58.9300569657803,44.562341684868,16.2270050238932,35.7397242972212,43.2481982851876,34.8586497090734,30.1660749969104,29.2022417840782,26.390215566322,62.4294853217616,12.2135066562986,50.6871323838951,17.7172904912813,45.041010383197,21.8997633196678,0,68.1482176133642,39.4274140631961,61.0328466562927,56.8016475872888,45.046846741254,15.9827736572157,43.2466190175416,36.0925918589651,75.2574834942432,43.6749634385255,36.5618846942092,40.2595548881944,1,"regular"
"39",39,11.0016059668258,19.1046229563653,2.77643951121718,32.261871725917,61.5258383041512,52.0971241869804,88.2024985703147,103.062292160495,61.2910499990431,82.0928159694551,20.7144327834231,92.3358928362082,97.2331613177699,24.4124132740305,14.4077108799385,61.5141057289246,23.6950605751466,19.2328001233864,66.6843082294608,73.401185529812,84.5980255558294,77.193465227346,74.0761323326722,94.2750146980921,43.953353895588,124.993845050276,101.283645676754,73.024886305956,50.1506290885692,25.8427313075829,89.7796330395442,38.1090815519519,72.6428752466452,86.8077467312937,52.927640777492,60.4810508976421,75.3570190615299,50.4727709559498,40.6404644942905,86.5025226353675,68.1482176133642,0,30.4005782843312,36.4083791100337,95.4438233337848,94.6859709708876,82.1193962194977,111.382760438471,70.6865638194177,80.7723048600256,87.7105108951262,37.0565647938475,62.2215658940951,1,"regular"
"40",40,18.435728490174,40.1045625796542,24.7581977630034,31.9826732164924,46.1381641797654,25.306144738993,66.1989764270071,72.6759978630263,31.2841749483075,64.5287350065069,22.813040813759,63.9252938743618,71.1611028797232,39.9666568682439,28.1567741152908,34.4438732204281,10.9687536269506,43.1108889158243,41.7778744346534,52.0007096762507,59.155826242171,47.4277054779826,43.7033159021978,64.3834351320846,38.5096392541992,94.7290928478648,71.1441611064831,47.9536530711074,35.8187570515581,13.7025362083721,59.6103742592201,10.1997070231571,52.1762987637192,56.4085098623847,38.6895896422783,30.4001143505319,63.2294688201549,22.7012962951715,18.4616408626612,59.8008329996582,39.4274140631961,30.4005782843312,0,28.1025875805913,79.5648274322602,74.2691418459771,52.2367743958532,82.1628349581728,42.228008986761,63.356562480096,58.8505989834376,22.0186947509369,48.6091693498296,1,"regular"
"41",41,2.47589040785803,55.4803575156257,1.23501007910818,56.3119612373624,25.1929290030994,27.4041605812144,92.4680804666357,84.5257186614948,42.1197611806905,92.2202866163163,15.6940740026867,84.306116981984,94.4091952138618,57.592315885889,44.6381339050284,58.8325039723593,19.8654579624504,55.346665867544,35.7040268350871,38.7136579227238,52.5242941281917,54.3322386997068,58.225874891503,80.7084138827327,65.0905827947591,107.371996027831,78.3681108766124,73.1085463179168,63.86114603255,38.97118731327,67.8462153506979,37.2858981061721,79.4008263986686,68.7622669506371,16.6358864846061,49.3269398764435,91.3225703345829,47.7379296513921,16.2226311396675,82.8543963963443,61.0328466562927,36.4083791100337,28.1025875805913,0,107.387804148479,101.025869330336,69.4706440004946,99.8911917769272,44.803349488114,44.4611993593793,60.9463189861025,49.7170938524845,76.7036190901889,1,"regular"
"42",42,36.258779604798,8.04243858437985,97.5770275341347,64.0628034979772,119.456668439743,91.0478387015576,23.5649946598123,82.4101060683042,80.4980479910446,15.31867221737,100.765918491259,53.6793920811155,40.7048254904523,79.2280433949927,81.7646322260627,52.8592740039185,89.7054693405831,90.1928506873805,103.342122081224,116.699995726058,112.865724328953,87.123708556683,72.2566525679689,67.5209565334062,52.4269882478993,89.7152456931721,93.465166137213,40.5867915027295,45.7515552548989,72.5264635214169,87.2478865885982,70.109066849663,28.9624844545086,77.2953461770623,114.268418539487,67.2951419926301,21.4084561261319,61.1917000303515,93.9718537374667,43.4353076571811,56.8016475872888,95.4438233337848,79.5648274322602,107.387804148479,0,16.2358453646359,64.7315816097404,66.7633929558155,92.8817273394183,131.297209957856,98.9366997978244,60.1367494222608,33.2259655959817,1,"regular"
"43",43,4.47930728032949,24.2762662470341,97.3210702650249,65.5170348736159,110.127970730956,81.5915024753778,9.38123012994276,66.6182239156004,69.4669427779194,14.6952888291851,96.6294240958848,37.9660893156966,24.4882175316787,82.1093838938563,82.066927593864,43.1956997122715,85.0143540690846,92.7190586265327,92.2435673700351,105.528921866941,100.080575089125,73.9777018263421,59.175965165996,51.9353731281342,54.8173329434542,73.4970325458239,78.1443836958009,29.268716103148,44.8534541289673,69.8771629966699,72.6854964852039,64.2193643889234,22.3441816932884,62.7010610877691,105.805558764523,56.6134209942579,29.094850669656,53.3894786795009,86.3873343755964,28.3757747752543,45.046846741254,94.6859709708876,74.2691418459771,101.025869330336,16.2358453646359,0,50.4071029888284,50.5453299545221,80.7849081500762,120.304008946596,85.0745853096419,57.7865767624534,34.8245641026333,1,"regular"
